File ADT# Time#1   Time#2   Time#3   Ignore
File1 1   0.108871     0.110199     0.110154     1e-06      
File2 1   57.4462     57.4594     57.4773     1e-06      
File3 1   0.086598     0.083863     0.083698     1e-06      
File4 1   32.7966     32.8296     32.8225     1e-06      
File1 2   0.093691     0.089932     0.089874     1e-06      
File2 2   299.955     299.947     299.946     1e-06      
File3 2   0.109494     0.105406     0.105471     1e-06      
File4 2   149.867     159.334     159.203     1e-06      
File1 3   0.068565     0.068093     0.06791     1e-06      
File2 3   0.058213     0.057929     0.057638     1e-06      
File3 3   0.058051     0.057614     0.057774     1e-06      
File4 3   0.060928     0.060503     0.060492     1e-06      
File1 4   0.08256     0.08319     0.082831     1e-06      
File2 4   0.067531     0.067937     0.068032     1e-06      
File3 4   0.068241     0.068296     0.068365     1e-06      
File4 4   0.072866     0.073207     0.07336     1e-06      
File1 5   0.073419     0.072669     0.072823     1e-06      
File2 5   0.060511     0.060232     0.060092     0      
File3 5   0.063911     0.063725     0.063352     1e-06      
File4 5   0.066684     0.066313     0.066475     0      
File1 6   0.302034     0.311213     0.304729     1e-06      
File2 6   0.225239     0.226731     0.226928     1e-06      
File3 6   0.253118     0.265312     0.265924     1e-06      
File4 6   0.385153     0.406611     0.411994     1e-06      
